1 0      7e3 00000000 00000000 00000000 00000000 00000000 00000000 00000000 00000000 
1 0      7e4 00000000 00000000 00000000 00000000 00000000 00000000 00000000 00000000 
1 0      7e5 00000000 00000000 00000000 00000000 00000000 00000000 00000000 00000000 
1 0      7e6 00000000 00000000 00000000 00000000 00000000 00000000 00000000 00000000 
1 0      7e7 00000000 00000000 00000000 00000000 00000000 00000000 00000000 00000000 
1 0      7e0 00000000 00000000 00000000 00000000 00000000 00000000 00000000 00000000 
1 0      7e1 00000000 00000000 00000000 00000000 00000000 00000000 00000000 00000000 
1 0      7e2 00000000 00000000 00000000 00000000 00000000 00000000 00000000 00000000 

1 0      7e6 00000000 00000000 00000000 00000000 00000000 00000000 00000000 00000000 
1 0      7e7 00000000 00000000 00000000 00000000 00000000 00000000 00000000 00000000 
1 0      7e0 00000000 00000000 00000000 00000000 00000000 00000000 00000000 00000000 
1 0      7e1 00000000 00000000 00000000 00000000 00000000 00000000 00000000 00000000 
1 0      7e2 00000000 00000000 00000000 00000000 00000000 00000000 00000000 00000000 
1 0      7e3 00000000 00000000 00000000 00000000 00000000 00000000 00000000 00000000 
1 0      7e4 00000000 00000000 00000000 00000000 00000000 00000000 00000000 00000000 
1 0      7e5 00000000 00000000 00000000 00000000 00000000 00000000 00000000 00000000 

1 0      7e1 00000000 00000000 00000000 00000000 00000000 00000000 00000000 00000000 
1 0      7e2 00000000 00000000 00000000 00000000 00000000 00000000 00000000 00000000 
1 0      7e3 00000000 00000000 00000000 00000000 00000000 00000000 00000000 00000000 
1 0      7e4 00000000 00000000 00000000 00000000 00000000 00000000 00000000 00000000 
1 0      7e5 00000000 00000000 00000000 00000000 00000000 00000000 00000000 00000000 
1 0      7e6 00000000 00000000 00000000 00000000 00000000 00000000 00000000 00000000 
1 0      7e7 00000000 00000000 00000000 00000000 00000000 00000000 00000000 00000000 
1 0      7e0 00000000 00000000 00000000 00000000 00000000 00000000 00000000 00000000 

1 0      7e2 00000000 00000000 00000000 00000000 00000000 00000000 00000000 00000000 
1 0      7e3 00000000 00000000 00000000 00000000 00000000 00000000 00000000 00000000 
1 0      7e4 00000000 00000000 00000000 00000000 00000000 00000000 00000000 00000000 
1 0      7e5 00000000 00000000 00000000 00000000 00000000 00000000 00000000 00000000 
1 0      7e6 00000000 00000000 00000000 00000000 00000000 00000000 00000000 00000000 
1 0      7e7 00000000 00000000 00000000 00000000 00000000 00000000 00000000 00000000 
1 0      7e0 00000000 00000000 00000000 00000000 00000000 00000000 00000000 00000000 
1 0      7e1 00000000 00000000 00000000 00000000 00000000 00000000 00000000 00000000 

