1 0      03f 00000006 00000000 00000000 00000000 00000000 00000000 00000000 00000000 00000000 
1 0      040 00000005 00000000 00000000 00000000 00000000 00000000 00000000 00000000 00000000 
1 0      041 00000004 00000000 00000000 00000000 00000000 00000000 00000000 00000000 00000000 
1 0      042 00000003 00000000 00000000 00000000 00000000 00000000 00000000 00000000 00000000 
1 0      043 00000002 00000000 00000000 00000000 00000000 00000000 00000000 00000000 00000000 
1 0      044 00000001 00000000 00000000 00000000 00000000 00000000 00000000 00000000 00000000 
1 0      045 00000000 00000000 00000000 00000000 00000000 00000000 00000000 00000000 00000000 
1 0      036 0000000f 00000000 00000000 00000000 00000000 00000000 00000000 00000000 00000000 
1 0      037 0000000e 00000000 00000000 00000000 00000000 00000000 00000000 00000000 00000000 
1 0      038 0000000d 00000000 00000000 00000000 00000000 00000000 00000000 00000000 00000000 
1 0      039 0000000c 00000000 00000000 00000000 00000000 00000000 00000000 00000000 00000000 
1 0      03a 0000000b 00000000 00000000 00000000 00000000 00000000 00000000 00000000 00000000 
1 0      03b 0000000a 00000000 00000000 00000000 00000000 00000000 00000000 00000000 00000000 
1 0      03c 00000009 00000000 00000000 00000000 00000000 00000000 00000000 00000000 00000000 
1 0      03d 00000008 00000000 00000000 00000000 00000000 00000000 00000000 00000000 00000000 
1 0      03e 00000007 00000000 00000000 00000000 00000000 00000000 00000000 00000000 00000000 

1 0      040 00000004 00000000 00000000 00000000 00000000 00000000 00000000 00000000 00000000 
1 0      041 00000003 00000000 00000000 00000000 00000000 00000000 00000000 00000000 00000000 
1 0      042 00000002 00000000 00000000 00000000 00000000 00000000 00000000 00000000 00000000 
1 0      043 00000001 00000000 00000000 00000000 00000000 00000000 00000000 00000000 00000000 
1 0      044 00000000 00000000 00000000 00000000 00000000 00000000 00000000 00000000 00000000 
1 0      035 0000000f 00000000 00000000 00000000 00000000 00000000 00000000 00000000 00000000 
1 0      036 0000000e 00000000 00000000 00000000 00000000 00000000 00000000 00000000 00000000 
1 0      037 0000000d 00000000 00000000 00000000 00000000 00000000 00000000 00000000 00000000 
1 0      038 0000000c 00000000 00000000 00000000 00000000 00000000 00000000 00000000 00000000 
1 0      039 0000000b 00000000 00000000 00000000 00000000 00000000 00000000 00000000 00000000 
1 0      03a 0000000a 00000000 00000000 00000000 00000000 00000000 00000000 00000000 00000000 
1 0      03b 00000009 00000000 00000000 00000000 00000000 00000000 00000000 00000000 00000000 
1 0      03c 00000008 00000000 00000000 00000000 00000000 00000000 00000000 00000000 00000000 
1 0      03d 00000007 00000000 00000000 00000000 00000000 00000000 00000000 00000000 00000000 
1 0      03e 00000006 00000000 00000000 00000000 00000000 00000000 00000000 00000000 00000000 
1 0      03f 00000005 00000000 00000000 00000000 00000000 00000000 00000000 00000000 00000000 

1 0      042 00000002 00000000 00000000 00000000 00000000 00000000 00000000 00000000 00000000 
1 0      043 00000001 00000000 00000000 00000000 00000000 00000000 00000000 00000000 00000000 
1 0      044 00000000 00000000 00000000 00000000 00000000 00000000 00000000 00000000 00000000 
1 0      035 0000000f 00000000 00000000 00000000 00000000 00000000 00000000 00000000 00000000 
1 0      036 0000000e 00000000 00000000 00000000 00000000 00000000 00000000 00000000 00000000 
1 0      037 0000000d 00000000 00000000 00000000 00000000 00000000 00000000 00000000 00000000 
1 0      038 0000000c 00000000 00000000 00000000 00000000 00000000 00000000 00000000 00000000 
1 0      039 0000000b 00000000 00000000 00000000 00000000 00000000 00000000 00000000 00000000 
1 0      03a 0000000a 00000000 00000000 00000000 00000000 00000000 00000000 00000000 00000000 
1 0      03b 00000009 00000000 00000000 00000000 00000000 00000000 00000000 00000000 00000000 
1 0      03c 00000008 00000000 00000000 00000000 00000000 00000000 00000000 00000000 00000000 
1 0      03d 00000007 00000000 00000000 00000000 00000000 00000000 00000000 00000000 00000000 
1 0      03e 00000006 00000000 00000000 00000000 00000000 00000000 00000000 00000000 00000000 
1 0      03f 00000005 00000000 00000000 00000000 00000000 00000000 00000000 00000000 00000000 
1 0      040 00000004 00000000 00000000 00000000 00000000 00000000 00000000 00000000 00000000 
1 0      041 00000003 00000000 00000000 00000000 00000000 00000000 00000000 00000000 00000000 

1 0      042 00000002 00000000 00000000 00000000 00000000 00000000 00000000 00000000 00000000 
1 0      043 00000001 00000000 00000000 00000000 00000000 00000000 00000000 00000000 00000000 
1 0      044 00000000 00000000 00000000 00000000 00000000 00000000 00000000 00000000 00000000 
1 0      035 0000000f 00000000 00000000 00000000 00000000 00000000 00000000 00000000 00000000 
1 0      036 0000000e 00000000 00000000 00000000 00000000 00000000 00000000 00000000 00000000 
1 0      037 0000000d 00000000 00000000 00000000 00000000 00000000 00000000 00000000 00000000 
1 0      038 0000000c 00000000 00000000 00000000 00000000 00000000 00000000 00000000 00000000 
1 0      039 0000000b 00000000 00000000 00000000 00000000 00000000 00000000 00000000 00000000 
1 0      03a 0000000a 00000000 00000000 00000000 00000000 00000000 00000000 00000000 00000000 
1 0      03b 00000009 00000000 00000000 00000000 00000000 00000000 00000000 00000000 00000000 
1 0      03c 00000008 00000000 00000000 00000000 00000000 00000000 00000000 00000000 00000000 
1 0      03d 00000007 00000000 00000000 00000000 00000000 00000000 00000000 00000000 00000000 
1 0      03e 00000006 00000000 00000000 00000000 00000000 00000000 00000000 00000000 00000000 
1 0      03f 00000005 00000000 00000000 00000000 00000000 00000000 00000000 00000000 00000000 
1 0      040 00000004 00000000 00000000 00000000 00000000 00000000 00000000 00000000 00000000 
1 0      041 00000003 00000000 00000000 00000000 00000000 00000000 00000000 00000000 00000000 

1 0      042 00000002 00000000 00000000 00000000 00000000 00000000 00000000 00000000 00000000 
1 0      043 00000001 00000000 00000000 00000000 00000000 00000000 00000000 00000000 00000000 
1 0      044 00000000 00000000 00000000 00000000 00000000 00000000 00000000 00000000 00000000 
1 0      035 0000000f 00000000 00000000 00000000 00000000 00000000 00000000 00000000 00000000 
1 0      036 0000000e 00000000 00000000 00000000 00000000 00000000 00000000 00000000 00000000 
1 0      037 0000000d 00000000 00000000 00000000 00000000 00000000 00000000 00000000 00000000 
1 0      038 0000000c 00000000 00000000 00000000 00000000 00000000 00000000 00000000 00000000 
1 0      039 0000000b 00000000 00000000 00000000 00000000 00000000 00000000 00000000 00000000 
1 0      03a 0000000a 00000000 00000000 00000000 00000000 00000000 00000000 00000000 00000000 
1 0      03b 00000009 00000000 00000000 00000000 00000000 00000000 00000000 00000000 00000000 
1 0      03c 00000008 00000000 00000000 00000000 00000000 00000000 00000000 00000000 00000000 
1 0      03d 00000007 00000000 00000000 00000000 00000000 00000000 00000000 00000000 00000000 
1 0      03e 00000006 00000000 00000000 00000000 00000000 00000000 00000000 00000000 00000000 
1 0      03f 00000005 00000000 00000000 00000000 00000000 00000000 00000000 00000000 00000000 
1 0      040 00000004 00000000 00000000 00000000 00000000 00000000 00000000 00000000 00000000 
1 0      041 00000003 00000000 00000000 00000000 00000000 00000000 00000000 00000000 00000000 

1 0      042 00000002 00000000 00000000 00000000 00000000 00000000 00000000 00000000 00000000 
1 0      043 00000001 00000000 00000000 00000000 00000000 00000000 00000000 00000000 00000000 
1 0      044 00000000 00000000 00000000 00000000 00000000 00000000 00000000 00000000 00000000 
1 0      035 0000000f 00000000 00000000 00000000 00000000 00000000 00000000 00000000 00000000 
1 0      036 0000000e 00000000 00000000 00000000 00000000 00000000 00000000 00000000 00000000 
1 0      037 0000000d 00000000 00000000 00000000 00000000 00000000 00000000 00000000 00000000 
1 0      038 0000000c 00000000 00000000 00000000 00000000 00000000 00000000 00000000 00000000 
1 0      039 0000000b 00000000 00000000 00000000 00000000 00000000 00000000 00000000 00000000 
1 0      03a 0000000a 00000000 00000000 00000000 00000000 00000000 00000000 00000000 00000000 
1 0      03b 00000009 00000000 00000000 00000000 00000000 00000000 00000000 00000000 00000000 
1 0      03c 00000008 00000000 00000000 00000000 00000000 00000000 00000000 00000000 00000000 
1 0      03d 00000007 00000000 00000000 00000000 00000000 00000000 00000000 00000000 00000000 
1 0      03e 00000006 00000000 00000000 00000000 00000000 00000000 00000000 00000000 00000000 
1 0      03f 00000005 00000000 00000000 00000000 00000000 00000000 00000000 00000000 00000000 
1 0      040 00000004 00000000 00000000 00000000 00000000 00000000 00000000 00000000 00000000 
1 0      041 00000003 00000000 00000000 00000000 00000000 00000000 00000000 00000000 00000000 

1 0      042 00000002 00000000 00000000 00000000 00000000 00000000 00000000 00000000 00000000 
1 0      043 00000001 00000000 00000000 00000000 00000000 00000000 00000000 00000000 00000000 
1 0      044 00000000 00000000 00000000 00000000 00000000 00000000 00000000 00000000 00000000 
1 0      035 0000000f 00000000 00000000 00000000 00000000 00000000 00000000 00000000 00000000 
1 0      036 0000000e 00000000 00000000 00000000 00000000 00000000 00000000 00000000 00000000 
1 0      037 0000000d 00000000 00000000 00000000 00000000 00000000 00000000 00000000 00000000 
1 0      038 0000000c 00000000 00000000 00000000 00000000 00000000 00000000 00000000 00000000 
1 0      039 0000000b 00000000 00000000 00000000 00000000 00000000 00000000 00000000 00000000 
1 0      03a 0000000a 00000000 00000000 00000000 00000000 00000000 00000000 00000000 00000000 
1 0      03b 00000009 00000000 00000000 00000000 00000000 00000000 00000000 00000000 00000000 
1 0      03c 00000008 00000000 00000000 00000000 00000000 00000000 00000000 00000000 00000000 
1 0      03d 00000007 00000000 00000000 00000000 00000000 00000000 00000000 00000000 00000000 
1 0      03e 00000006 00000000 00000000 00000000 00000000 00000000 00000000 00000000 00000000 
1 0      03f 00000005 00000000 00000000 00000000 00000000 00000000 00000000 00000000 00000000 
1 0      040 00000004 00000000 00000000 00000000 00000000 00000000 00000000 00000000 00000000 
1 0      041 00000003 00000000 00000000 00000000 00000000 00000000 00000000 00000000 00000000 

1 0      042 00000002 00000000 00000000 00000000 00000000 00000000 00000000 00000000 00000000 
1 0      043 00000001 00000000 00000000 00000000 00000000 00000000 00000000 00000000 00000000 
1 0      044 00000000 00000000 00000000 00000000 00000000 00000000 00000000 00000000 00000000 
1 0      035 0000000f 00000000 00000000 00000000 00000000 00000000 00000000 00000000 00000000 
1 0      036 0000000e 00000000 00000000 00000000 00000000 00000000 00000000 00000000 00000000 
1 0      037 0000000d 00000000 00000000 00000000 00000000 00000000 00000000 00000000 00000000 
1 0      038 0000000c 00000000 00000000 00000000 00000000 00000000 00000000 00000000 00000000 
1 0      039 0000000b 00000000 00000000 00000000 00000000 00000000 00000000 00000000 00000000 
1 0      03a 0000000a 00000000 00000000 00000000 00000000 00000000 00000000 00000000 00000000 
1 0      03b 00000009 00000000 00000000 00000000 00000000 00000000 00000000 00000000 00000000 
1 0      03c 00000008 00000000 00000000 00000000 00000000 00000000 00000000 00000000 00000000 
1 0      03d 00000007 00000000 00000000 00000000 00000000 00000000 00000000 00000000 00000000 
1 0      03e 00000006 00000000 00000000 00000000 00000000 00000000 00000000 00000000 00000000 
1 0      03f 00000005 00000000 00000000 00000000 00000000 00000000 00000000 00000000 00000000 
1 0      040 00000004 00000000 00000000 00000000 00000000 00000000 00000000 00000000 00000000 
1 0      041 00000003 00000000 00000000 00000000 00000000 00000000 00000000 00000000 00000000 

